N = 2
navg = 20
seed = 111113161
nbin = 150
m = 0.0020000000
Dr = 20.0000000000
B = -5.000000000
B0 = 0.000000000
Btype = saw
v0 = 010.0000000000
w0 = 1.0000000000
wt = 1.
L = 10.0000000000
wallType = tubepot
Ri = 1.0000000000
Ro = 5.0000000000
sigma = 1.0000000000
epsilon = 50.0000000000
rco = 1.1224620483
dt = 0.0000050000
tsamp = 0.0050000000
teq = 10.000000000
nprint = 500
