N = 10
navg = 1000
seed = 111111111
nbin = 100
B = 0.0000000000
a = 0.0000000000
w0 = 1.0000000000
L = 10.0000000000
dt = 0.0000100000
tsamp = 0.0500000000
teq = 50.0000000000
nprint = 1000
