N = 2
navg = 2
seed = 111113161
nbin = 150
a = 0.
B = -5.000000000
w0 = 1.0000000000
L = 10.0000000000
dt = 0.0000050000
tsamp = 0.0050000000
teq = 10.000000000
nprint = 500
