N = 100
navg = 100
seed = 111111111
nbin = 100
B = 0.0000000000
w0 = 1.0000000000
L = 10.0000000000
dt = 0.0000100000
tsamp = 0.0500000000
teq = 0.0000000000
nprint = 1000
